201520926     최*현     68    52    98    53
201621298     한*채     68    93    53    57
201621315     김*이     52    81    87    92
201621318     윤*나     66    90    95    70
201621319     권*준     91    80    82    68
201621324     김*태     98    72    82    76
201621328     한*혁     60    78    68    57
201621338     노*주     98    54    87    66
201621355     성*엽     57    84    70    75
201621356     이*나     79    72    83    80
201621362     최*영     54    70    71    69
201621381     박*원     59    66    91   100
201621384     강*민     97    76    69    96
201716839     박*영     94    86    87    93
201716869     이*훈    100    72    63    78
201717741     곽*훈     91    60    64    77
201716794     권*현     91    77    73    87
201716806     김*환     62    69    68    80
201716826     김*우     83    81    63    74
201716873     김*환     68    86    80    53
201716901     유*상     73    59    70    68
201717958     김*철     94    57    62    93
201823237     박*형     80    74    72    70
201823251     안*철     85    88    99    75
201841205     이*호     66    71    64    77
201841303     김*희     92    81    57    74
201841309     김*우     63    71    97    82
201841310     박*빈     56    76    85    78
201841311     이*석     87    56    97    80
201841347     정*휘     64    58    75    96
201841349     김*훈     83    96    65    68
201921308     김*홍     85    65    94    51
201921325     문*서     88    59    77    79
201921386     박*원     89    85    54    52
201923213     신*아     55   100    83    61
201923218     은*윤     77    69    90    63
201923222     이*근     77    87    95    90
201923228     이*호     96    71    85    79
